1 0.34375 0.33671875 0.03828125 0.01953125
1 0.56640625 0.3390625 0.05234375 0.053125
1 0.56171875 0.48671875 0.0640625 0.05546875
1 0.496875 0.44296875 0.05234375 0.0375
1 0.4421875 0.4828125 0.03671875 0.04453125
1 0.4 0.49140625 0.03671875 0.0515625
1 0.346875 0.46875 0.04140625 0.03828125
1 0.3328125 0.62890625 0.0609375 0.1109375
1 0.40078125 0.6125 0.075 0.10703125
1 0.51015625 0.63515625 0.05078125 0.08203125
1 0.6578125 0.23515625 0.06171875 0.0703125
1 0.79921875 0.64375 0.05625 0.0953125
1 0.22109375 0.62265625 0.05703125 0.11953125
1 0.21875 0.41328125 0.08359375 0.1140625
1 0.1953125 0.30390625 0.09609375 0.09296875