1 0.109375 0.5125 0.1109375 0.0796875
1 0.1609375 0.4109375 0.075 0.1125
1 0.44609375 0.43203125 0.07578125 0.07109375
1 0.0609375 0.7515625 0.06640625 0.0546875
1 0.22734375 0.6265625 0.05546875 0.07109375
1 0.43359375 0.54375 0.07265625 0.05234375
1 0.52734375 0.52421875 0.0859375 0.078125
1 0.69921875 0.76015625 0.03671875 0.04296875
1 0.71875 0.4953125 0.05859375 0.0890625
1 0.646875 0.6359375 0.06484375 0.06328125
1 0.2265625 0.29765625 0.05703125 0.0328125
1 0.20703125 0.1734375 0.05703125 0.040625
1 0.5640625 0.33515625 0.05625 0.07265625