0 0.17578125 0.3265625 0.0640625 0.11796875
0 0.24765625 0.4703125 0.05703125 0.13125
0 0.34609375 0.45234375 0.0640625 0.12890625
0 0.596875 0.73203125 0.0828125 0.15703125
0 0.6734375 0.7359375 0.07578125 0.1578125
0 0.7515625 0.7375 0.0578125 0.09375
0 0.90390625 0.75 0.06875 0.121875
0 0.41796875 0.46796875 0.08359375 0.12578125
0 0.51171875 0.48515625 0.0640625 0.1546875
0 0.57890625 0.45390625 0.0515625 0.0875
0 0.65234375 0.453125 0.0453125 0.08359375
0 0.725 0.45390625 0.0515625 0.08984375
0 0.49921875 0.31875 0.053125 0.0671875
0 0.63984375 0.31640625 0.04765625 0.08203125
0 0.7140625 0.2984375 0.0390625 0.04375
0 0.78515625 0.30546875 0.04609375 0.11171875
0 0.6421875 0.20390625 0.03046875 0.06015625
0 0.70625 0.1859375 0.03515625 0.0375
0 0.77890625 0.20390625 0.05078125 0.0859375