2 0.06640625 0.51015625 0.07109375 0.1203125
2 0.33515625 0.26640625 0.02265625 0.0703125
2 0.64296875 0.1875 0.03046875 0.06875
2 0.76796875 0.48984375 0.0359375 0.0921875
2 0.54609375 0.56875 0.021875 0.0484375
2 0.5703125 0.65703125 0.028125 0.06640625
2 0.51796875 0.7546875 0.03359375 0.07421875
2 0.34140625 0.63046875 0.03515625 0.04140625
2 0.346875 0.48671875 0.04453125 0.05703125
2 0.62265625 0.2921875 0.01796875 0.04375
2 0.58359375 0.13125 0.01796875 0.0265625
2 0.50625 0.38984375 0.0265625 0.08515625
2 0.65234375 0.93125 0.02265625 0.0375