2 0.15 0.51796875 0.09140625 0.10390625
2 0.490625 0.55546875 0.13125 0.24609375
2 0.615625 0.72265625 0.15625 0.0703125
2 0.86875 0.2921875 0.0859375 0.04296875
2 0.90234375 0.08359375 0.1953125 0.1671875
2 0.93046875 0.64453125 0.0921875 0.11484375
2 0.93515625 0.784375 0.0703125 0.103125
2 0.84609375 0.90546875 0.09921875 0.0609375
2 0.6625 0.5671875 0.07421875 0.0609375
2 0.65234375 0.396875 0.05703125 0.0234375
2 0.1875 0.17265625 0.0546875 0.03515625
2 0.07578125 0.04296875 0.09375 0.0859375
2 0.07421875 0.15625 0.12265625 0.07578125
2 0.96640625 0.30859375 0.03671875 0.05703125
2 0.85234375 0.40625 0.06875 0.05234375