2 0.5484375 0.2953125 0.103125 0.15390625
2 0.7 0.42421875 0.134375 0.15625
2 0.965625 0.1421875 0.06875 0.165625
2 0.9140625 0.815625 0.171875 0.2984375
2 0.71953125 0.96640625 0.1546875 0.0671875
2 0.253125 0.05703125 0.1 0.1140625
2 0.30625 0.33046875 0.19765625 0.1953125
2 0.13046875 0.50546875 0.06796875 0.0546875
2 0.14296875 0.66875 0.08046875 0.115625
2 0.0375 0.78203125 0.075 0.0484375
2 0.03359375 0.5453125 0.01328125 0.04453125
2 0.01953125 0.56484375 0.0234375 0.03359375
2 0.26796875 0.5296875 0.11484375 0.084375
2 0.38125 0.5328125 0.09765625 0.11875
2 0.4546875 0.61875 0.0875 0.0953125
2 0.39140625 0.74609375 0.0921875 0.10703125
2 0.1640625 0.32578125 0.07578125 0.046875
2 0.11953125 0.39140625 0.06015625 0.0328125
2 0.12421875 0.25703125 0.0921875 0.05859375
2 0.25234375 0.1640625 0.05234375 0.0390625
2 0.328125 0.16171875 0.04921875 0.04140625
2 0.21171875 0.13828125 0.07421875 0.03125
2 0.15078125 0.0875 0.04921875 0.04453125
2 0.384375 0.23515625 0.06484375 0.05859375