1 0.19296875 0.6109375 0.18515625 0.23828125
1 0.49140625 0.5390625 0.221875 0.14609375
1 0.51328125 0.4375 0.1 0.071875
1 0.58671875 0.23359375 0.53515625 0.203125
1 0.896875 0.10390625 0.20625 0.1234375
1 0.92265625 0.4640625 0.1546875 0.178125
1 0.83671875 0.48828125 0.07578125 0.06953125
1 0.78203125 0.43046875 0.10625 0.06875
1 0.90234375 0.2921875 0.09296875 0.128125
1 0.3265625 0.0890625 0.059375 0.0671875
1 0.43515625 0.034375 0.0859375 0.06484375
1 0.6015625 0.08359375 0.05390625 0.07265625