1 0.1421875 0.5640625 0.07890625 0.09609375
1 0.225 0.68203125 0.08984375 0.1296875
1 0.32109375 0.51484375 0.125 0.1640625
1 0.55078125 0.25234375 0.07734375 0.115625
1 0.696875 0.2875 0.10546875 0.13671875
1 0.78984375 0.55546875 0.13515625 0.08984375
1 0.53671875 0.72109375 0.11875 0.13671875
1 0.63359375 0.68515625 0.06484375 0.0640625
1 0.68203125 0.6484375 0.07890625 0.07421875
1 0.42421875 0.9609375 0.0640625 0.06015625
1 0.5421875 0.89609375 0.10234375 0.0828125
1 0.76171875 0.934375 0.0921875 0.1078125
1 0.63984375 0.95859375 0.0578125 0.0828125
1 0.72421875 0.78828125 0.0390625 0.06171875
1 0.9140625 0.82578125 0.08125 0.175
1 0.4296875 0.5578125 0.10625 0.1328125
1 0.5421875 0.43359375 0.12265625 0.19609375
1 0.65390625 0.4375 0.09375 0.19375
1 0.41015625 0.66484375 0.271875 0.1109375
1 0.38203125 0.7625 0.14609375 0.1015625
1 0.59453125 0.5890625 0.13359375 0.09453125