1 0.1453125 0.2390625 0.26953125 0.17890625
1 0.0609375 0.4140625 0.090625 0.0984375
1 0.3234375 0.42421875 0.15078125 0.19453125
1 0.3796875 0.2671875 0.2203125 0.14453125
1 0.540625 0.0578125 0.0984375 0.05546875
1 0.40859375 0.103125 0.29296875 0.1984375
1 0.69375 0.121875 0.16484375 0.11796875
1 0.89375 0.1953125 0.16953125 0.1125
1 0.85625 0.56875 0.07734375 0.171875
1 0.61171875 0.5234375 0.1609375 0.15703125
1 0.65390625 0.39375 0.33828125 0.12734375
1 0.6484375 0.2484375 0.20390625 0.13828125