1 0.2890625 0.1125 0.18515625 0.0890625
1 0.4421875 0.4015625 0.15859375 0.190625
1 0.92421875 0.22109375 0.0640625 0.05625
1 0.6265625 0.571875 0.159375 0.20859375
1 0.51328125 0.6390625 0.14140625 0.13515625
1 0.43046875 0.84921875 0.0875 0.07890625
1 0.37109375 0.66484375 0.134375 0.14453125
1 0.68984375 0.76015625 0.10546875 0.0890625
1 0.7671875 0.659375 0.08671875 0.1546875
1 0.203125 0.32734375 0.05546875 0.05078125
1 0.078125 0.38125 0.05625 0.046875
1 0.0578125 0.79140625 0.115625 0.0828125
1 0.0046875 0.37109375 0.009375 0.0390625
1 0.6171875 0.3546875 0.13046875 0.11171875
1 0.5515625 0.24296875 0.08984375 0.08984375
1 0.3875 0.22109375 0.0984375 0.0765625
1 0.5359375 0.76328125 0.09296875 0.08125