1 0.55 0.18515625 0.140625 0.3140625
1 0.93125 0.19296875 0.1375 0.1484375
1 0.10390625 0.39609375 0.13515625 0.19453125
1 0.3171875 0.32890625 0.125 0.19140625
1 0.11953125 0.58203125 0.13203125 0.14296875
1 0.46484375 0.71171875 0.4328125 0.378125
1 0.5703125 0.43359375 0.2796875 0.16171875
1 0.8890625 0.43203125 0.221875 0.1546875
1 0.87578125 0.59921875 0.2484375 0.1421875
1 0.8203125 0.71484375 0.1546875 0.0828125
1 0.97109375 0.765625 0.0578125 0.146875
1 0.0359375 0.8453125 0.071875 0.1140625
1 0.1765625 0.79453125 0.1234375 0.1234375
1 0.06796875 0.70390625 0.06953125 0.09140625
1 0.36640625 0.12734375 0.2078125 0.1265625