1 0.15234375 0.55234375 0.0859375 0.14921875
1 0.490625 0.93203125 0.209375 0.12734375
1 0.79296875 0.57578125 0.1375 0.08515625
1 0.91015625 0.82109375 0.0703125 0.1703125
1 0.76015625 0.91875 0.09296875 0.1625
1 0.634375 0.97421875 0.04609375 0.0515625
1 0.49140625 0.60078125 0.4828125 0.378125
1 0.2171875 0.67578125 0.08671875 0.128125
1 0.70546875 0.30234375 0.08125 0.12421875
1 0.5484375 0.23359375 0.0734375 0.10234375
1 0.5234375 0.37109375 0.09609375 0.0890625
1 0.646875 0.38125 0.09296875 0.071875