1 0.1015625 0.44765625 0.07890625 0.15078125
1 0.6234375 0.19453125 0.05625 0.11015625
1 0.7484375 0.28125 0.06875 0.14453125
1 0.74765625 0.57578125 0.1234375 0.08125
1 0.78125 0.865625 0.03515625 0.14609375
1 0.23203125 0.934375 0.05390625 0.07578125
1 0.38359375 0.88046875 0.08359375 0.0875
1 0.415625 0.565625 0.453125 0.353125
1 0.54453125 0.33671875 0.08984375 0.1171875
1 0.66640625 0.35859375 0.09296875 0.10859375
1 0.596875 0.79296875 0.065625 0.07421875
1 0.1265625 0.5984375 0.13203125 0.1328125