1 0.13671875 0.23359375 0.16640625 0.18125
1 0.06796875 0.40859375 0.1078125 0.13984375
1 0.2953125 0.428125 0.16328125 0.1921875
1 0.3484375 0.25859375 0.22734375 0.16953125
1 0.50625 0.1828125 0.0859375 0.1109375
1 0.54453125 0.0625 0.1265625 0.08203125
1 0.63359375 0.090625 0.0484375 0.05859375
1 0.740625 0.1296875 0.071875 0.075
1 0.8921875 0.19609375 0.15546875 0.10625
1 0.8484375 0.5765625 0.08984375 0.1390625
1 0.61484375 0.46328125 0.2546875 0.25859375
1 0.65234375 0.21484375 0.196875 0.1375