1 0.03203125 0.1875 0.03984375 0.07265625
1 0.06640625 0.04609375 0.05234375 0.046875
1 0.42265625 0.33984375 0.0984375 0.08203125
1 0.303125 0.36328125 0.109375 0.08671875
1 0.3984375 0.609375 0.21640625 0.2
1 0.57265625 0.44375 0.1390625 0.11640625
1 0.625 0.20703125 0.08359375 0.053125
1 0.7421875 0.09296875 0.2171875 0.0875
1 0.8234375 0.334375 0.0953125 0.109375
1 0.94140625 0.3703125 0.0734375 0.06015625
1 0.6328125 0.63984375 0.08828125 0.06328125
1 0.6609375 0.56640625 0.13046875 0.0734375
1 0.60390625 0.71484375 0.0828125 0.0546875
1 0.5703125 0.8859375 0.08828125 0.06328125
1 0.45546875 0.7859375 0.18515625 0.1265625
1 0.28359375 0.796875 0.0671875 0.0796875
1 0.22578125 0.7203125 0.1109375 0.078125