1 0.2984375 0.08984375 0.11328125 0.14375
1 0.403125 0.0765625 0.090625 0.153125
1 0.51640625 0.12578125 0.09453125 0.171875
1 0.84609375 0.2046875 0.1921875 0.0921875
1 0.14453125 0.13046875 0.1796875 0.071875
1 0.43359375 0.390625 0.22265625 0.1234375
1 0.3671875 0.5453125 0.1140625 0.19921875
1 0.53984375 0.5453125 0.121875 0.08984375
1 0.56484375 0.46328125 0.03515625 0.034375
1 0.5921875 0.71171875 0.0640625 0.165625
1 0.31015625 0.76796875 0.0734375 0.14453125
1 0.34140625 0.92734375 0.06875 0.10703125
1 0.60234375 0.95390625 0.06875 0.071875
1 0.59921875 0.846875 0.08359375 0.10234375