1 0.55234375 0.42578125 0.03671875 0.06484375
1 0.25859375 0.421875 0.2015625 0.21796875
1 0.14296875 0.63671875 0.1140625 0.23359375
1 0.16171875 0.8421875 0.1078125 0.06953125
1 0.315625 0.80234375 0.109375 0.04296875
1 0.34921875 0.78671875 0.0671875 0.0734375
1 0.240625 0.79375 0.0453125 0.0765625
1 0.25390625 0.6078125 0.115625 0.13984375
1 0.64609375 0.625 0.16171875 0.06328125
1 0.77890625 0.53203125 0.065625 0.0921875
1 0.65234375 0.425 0.05625 0.08046875
1 0.71015625 0.47109375 0.05078125 0.0671875
1 0.76484375 0.62421875 0.071875 0.07265625
1 0.51328125 0.56015625 0.03359375 0.13046875
1 0.3875 0.44296875 0.0734375 0.178125
1 0.34609375 0.30078125 0.08046875 0.065625
1 0.51328125 0.415625 0.04765625 0.04765625
1 0.54453125 0.35234375 0.05078125 0.05390625