1 0.22421875 0.43671875 0.14375 0.165625
1 0.24375 0.32890625 0.07109375 0.0609375
1 0.1359375 0.47109375 0.05546875 0.0796875
1 0.11796875 0.55859375 0.0484375 0.0625
1 0.13984375 0.6921875 0.096875 0.134375
1 0.24921875 0.6 0.13671875 0.12734375
1 0.24296875 0.75234375 0.05 0.1609375
1 0.32421875 0.7953125 0.10625 0.05390625
1 0.3484375 0.7640625 0.0375 0.02734375
1 0.6484375 0.62421875 0.17578125 0.06484375
1 0.38359375 0.4078125 0.134375 0.26875
1 0.54375 0.403125 0.1015625 0.10625
1 0.6390625 0.41953125 0.04453125 0.05625
1 0.6890625 0.459375 0.071875 0.05390625
1 0.7703125 0.525 0.0859375 0.07734375
1 0.1765625 0.840625 0.1296875 0.08671875
1 0.5046875 0.5328125 0.078125 0.1359375