1 0.378125 0.8078125 0.05546875 0.178125
1 0.28359375 0.76796875 0.10546875 0.16953125
1 0.6921875 0.35078125 0.115625 0.34140625
1 0.7328125 0.753125 0.046875 0.12734375
1 0.828125 0.87578125 0.03515625 0.16015625
1 0.88984375 0.80390625 0.05390625 0.19609375
1 0.93984375 0.71171875 0.0203125 0.10234375
1 0.98515625 0.828125 0.0296875 0.1875
1 0.853125 0.34609375 0.02578125 0.075
1 0.24453125 0.340625 0.04453125 0.07578125
1 0.14375 0.14453125 0.04375 0.159375
1 0.18984375 0.0546875 0.0296875 0.10859375