1 0.24296875 0.3734375 0.11875 0.06640625
1 0.29296875 0.4875 0.1015625 0.13515625
1 0.3125 0.684375 0.071875 0.19453125
1 0.3171875 0.77265625 0.10234375 0.071875
1 0.4171875 0.84921875 0.09921875 0.0796875
1 0.4015625 0.615625 0.1015625 0.1484375
1 0.5328125 0.4703125 0.06015625 0.09453125
1 0.546875 0.5828125 0.059375 0.1078125
1 0.62890625 0.73515625 0.08359375 0.19453125
1 0.65390625 0.8140625 0.07421875 0.1125
1 0.41796875 0.35234375 0.07890625 0.13046875
1 0.60625 0.40546875 0.06640625 0.2640625