3 0.38984375 0.14921875 0.1796875 0.2015625
3 0.5671875 0.2 0.2015625 0.303125
3 0.85859375 0.23828125 0.0890625 0.103125
3 0.69609375 0.134375 0.0515625 0.084375
3 0.31640625 0.31484375 0.1 0.1984375
3 0.6796875 0.38828125 0.065625 0.1171875
3 0.65625 0.50234375 0.05625 0.1484375
3 0.65234375 0.66171875 0.0359375 0.184375
3 0.32421875 0.49609375 0.06875 0.1453125
3 0.31171875 0.64453125 0.03125 0.1453125
3 0.290625 0.7640625 0.0578125 0.115625
3 0.69921875 0.63984375 0.0359375 0.1328125
3 0.69609375 0.7546875 0.0390625 0.1
3 0.79140625 0.25390625 0.06875 0.08125
3 0.78359375 0.1234375 0.08125 0.1203125
3 0.84765625 0.16015625 0.075 0.065625
3 0.91328125 0.290625 0.08125 0.1265625
3 0.70234375 0.25 0.046875 0.1078125