1 0.096875 0.37421875 0.05390625 0.121875
1 0.10625 0.27421875 0.034375 0.0375
1 0.1359375 0.4296875 0.0546875 0.05546875
1 0.2421875 0.48203125 0.08046875 0.08046875
1 0.28125 0.38828125 0.05078125 0.04765625
1 0.50234375 0.37578125 0.2828125 0.15
1 0.8546875 0.4140625 0.2125 0.1625
1 0.07890625 0.6921875 0.08671875 0.10234375
1 0.11953125 0.834375 0.13125 0.10390625
1 0.2171875 0.75234375 0.0953125 0.075
1 0.57109375 0.7609375 0.11640625 0.0921875
1 0.4859375 0.84609375 0.1828125 0.12734375
1 0.82109375 0.7640625 0.11640625 0.11015625
1 0.890625 0.665625 0.06328125 0.08125
1 0.9625 0.76875 0.06796875 0.09375
1 0.7296875 0.65546875 0.11015625 0.053125
1 0.7609375 0.8546875 0.16796875 0.109375