1 0.2796875 0.684375 0.046875 0.10703125
1 0.2140625 0.62109375 0.07890625 0.0890625
1 0.409375 0.7046875 0.09453125 0.10234375
1 0.340625 0.77578125 0.08828125 0.08671875
1 0.8328125 0.4765625 0.05859375 0.05625
1 0.871875 0.61484375 0.0609375 0.10703125
1 0.91796875 0.515625 0.04296875 0.09375
1 0.64453125 0.6546875 0.13125 0.1875
1 0.39609375 0.3015625 0.03359375 0.0265625
1 0.36328125 0.2890625 0.02109375 0.1140625
1 0.40234375 0.221875 0.01328125 0.03203125
1 0.4296875 0.41328125 0.0359375 0.06171875
1 0.46640625 0.41953125 0.04609375 0.07890625
1 0.5 0.3671875 0.03359375 0.0671875
1 0.5515625 0.4015625 0.00859375 0.04921875
1 0.5109375 0.6578125 0.0859375 0.0875
1 0.7109375 0.83984375 0.196875 0.13984375
1 0.81484375 0.6953125 0.18125 0.178125