1 0.5125 0.7671875 0.13515625 0.44296875
1 0.6796875 0.57890625 0.14765625 0.3484375
1 0.74609375 0.8796875 0.225 0.19921875
1 0.40625 0.459375 0.153125 0.26875
1 0.234375 0.6015625 0.14921875 0.17109375
1 0.2796875 0.2953125 0.09765625 0.2140625
1 0.43515625 0.08828125 0.13125 0.1765625
1 0.59140625 0.30390625 0.14375 0.1796875
1 0.8234375 0.24453125 0.084375 0.103125
1 0.88671875 0.6046875 0.078125 0.09453125
1 0.7890625 0.69375 0.075 0.08125
1 0.73671875 0.36796875 0.09140625 0.11015625
1 0.4359375 0.90625 0.0984375 0.1875
1 0.32109375 0.709375 0.10078125 0.1609375
1 0.62890625 0.1 0.2515625 0.2