1 0.2953125 0.28125 0.15625 0.29453125
1 0.0703125 0.3 0.13671875 0.22421875
1 0.3671875 0.48984375 0.1828125 0.1046875
1 0.640625 0.503125 0.125 0.2109375
1 0.81640625 0.8140625 0.27421875 0.37109375
1 0.5234375 0.68828125 0.18984375 0.33359375
1 0.44453125 0.909375 0.159375 0.15078125
1 0.03984375 0.603125 0.0796875 0.11171875
1 0.19296875 0.55546875 0.11875 0.11015625
1 0.23671875 0.825 0.21328125 0.26015625
1 0.51640625 0.38046875 0.2515625 0.13515625
1 0.396875 0.2578125 0.0640625 0.07109375
1 0.525 0.48671875 0.134375 0.08359375
1 0.375 0.58984375 0.13828125 0.09921875