1 0.74296875 0.18515625 0.38203125 0.23046875
1 0.61953125 0.553125 0.1453125 0.35625
1 0.6828125 0.3484375 0.18828125 0.07734375
1 0.73671875 0.47265625 0.0390625 0.1390625
1 0.4640625 0.57265625 0.12890625 0.31171875
1 0.8921875 0.4625 0.06640625 0.24375
1 0.9125 0.32421875 0.06171875 0.03671875
1 0.8109375 0.7125 0.1078125 0.215625
1 0.13515625 0.10546875 0.2703125 0.1703125
1 0.053125 0.29921875 0.10625 0.2171875
1 0.28828125 0.83203125 0.221875 0.215625
1 0.5546875 0.76171875 0.27890625 0.0640625