1 0.11953125 0.40546875 0.0578125 0.1296875
1 0.246875 0.31796875 0.0328125 0.0515625
1 0.56484375 0.125 0.2375 0.0546875
1 0.51328125 0.259375 0.12421875 0.19921875
1 0.2984375 0.43671875 0.0859375 0.084375
1 0.3765625 0.80078125 0.0375 0.0453125
1 0.3890625 0.9203125 0.03125 0.04453125
1 0.6546875 0.84609375 0.06171875 0.059375
1 0.6953125 0.609375 0.07421875 0.2328125
1 0.69296875 0.4 0.08984375 0.11171875
1 0.6078125 0.28359375 0.06953125 0.09453125
1 0.475 0.41875 0.09296875 0.1421875
1 0.421875 0.6125 0.065625 0.07578125
1 0.38359375 0.45859375 0.08359375 0.09296875