1 0.69453125 0.73984375 0.4484375 0.2109375
1 0.5484375 0.85625 0.21484375 0.153125
1 0.5859375 0.35703125 0.115625 0.0875
1 0.4703125 0.428125 0.29765625 0.2125
1 0.88671875 0.221875 0.17578125 0.1515625
1 0.78515625 0.49140625 0.37890625 0.3015625
1 0.34921875 0.25703125 0.09140625 0.10078125
1 0.52109375 0.13125 0.159375 0.2578125
1 0.109375 0.56328125 0.21875 0.37578125
1 0.071875 0.77265625 0.11640625 0.07578125
1 0.0546875 0.3078125 0.109375 0.1078125
1 0.065625 0.04921875 0.13125 0.08359375
1 0.9421875 0.7546875 0.115625 0.246875