1 0.1328125 0.39765625 0.02578125 0.096875
1 0.11640625 0.359375 0.04140625 0.03359375
1 0.11640625 0.4703125 0.04140625 0.0640625
1 0.378125 0.809375 0.05078125 0.04140625
1 0.3796875 0.92265625 0.03984375 0.03203125
1 0.69140625 0.38984375 0.090625 0.06640625
1 0.66875 0.48984375 0.04921875 0.05546875
1 0.671875 0.84375 0.03828125 0.03359375
1 0.50390625 0.22578125 0.19609375 0.2
1 0.6359375 0.1125 0.109375 0.06484375
1 0.49375 0.40390625 0.09921875 0.1125
1 0.34765625 0.4390625 0.12265625 0.1
1 0.7015625 0.61875 0.05625 0.15