1 0.3765625 0.15625 0.034375 0.04765625
1 0.4390625 0.2015625 0.040625 0.06484375
1 0.37890625 0.2203125 0.03203125 0.0375
1 0.44609375 0.284375 0.07890625 0.0609375
1 0.49765625 0.27421875 0.06796875 0.0859375
1 0.55078125 0.32734375 0.0328125 0.0328125
1 0.58046875 0.35390625 0.02578125 0.046875
1 0.62109375 0.44921875 0.04453125 0.13359375
1 0.36484375 0.35234375 0.05234375 0.0515625
1 0.43046875 0.34609375 0.06875 0.059375
1 0.4109375 0.4578125 0.04375 0.046875
1 0.390625 0.38671875 0.0453125 0.05
1 0.4125 0.546875 0.0375 0.04375
1 0.41484375 0.71953125 0.03046875 0.04921875
1 0.41875 0.64453125 0.0359375 0.0796875
1 0.559375 0.56953125 0.08046875 0.08203125
1 0.55078125 0.5203125 0.0328125 0.053125
1 0.49765625 0.6 0.05390625 0.08515625
1 0.51484375 0.80546875 0.046875 0.0515625
1 0.6125 0.80625 0.0578125 0.0671875
1 0.57265625 0.821875 0.0234375 0.028125
1 0.571875 0.6421875 0.07734375 0.05859375
1 0.596875 0.7046875 0.0765625 0.06484375
1 0.6125 0.6328125 0.040625 0.08359375
1 0.65703125 0.50859375 0.06796875 0.07265625
1 0.703125 0.55625 0.05234375 0.05
1 0.7609375 0.778125 0.03828125 0.05625
1 0.8109375 0.82421875 0.0703125 0.05703125