1 0.240625 0.63671875 0.203125 0.11953125
1 0.778125 0.621875 0.228125 0.13515625
1 0.64453125 0.7140625 0.05703125 0.1015625
1 0.8796875 0.7765625 0.03671875 0.0546875
1 0.24453125 0.91171875 0.021875 0.0546875
1 0.3453125 0.80859375 0.0359375 0.0609375
1 0.1890625 0.921875 0.03515625 0.0484375
1 0.22265625 0.81953125 0.0359375 0.09609375
1 0.109375 0.80234375 0.03671875 0.05546875
1 0.12265625 0.7203125 0.03984375 0.0421875
1 0.37265625 0.71796875 0.03671875 0.07890625
1 0.77734375 0.7625 0.0421875 0.10859375
1 0.70390625 0.7375 0.03828125 0.05859375
1 0.71796875 0.89296875 0.01640625 0.02890625
1 0.78359375 0.88125 0.03046875 0.04921875
1 0.63046875 0.78828125 0.02578125 0.0421875