1 0.1890625 0.1421875 0.11484375 0.0578125
1 0.25234375 0.20234375 0.06015625 0.04609375
1 0.45390625 0.17578125 0.17890625 0.0734375
1 0.4484375 0.38359375 0.1328125 0.103125
1 0.5484375 0.74453125 0.12890625 0.11640625
1 0.5515625 0.64921875 0.04375 0.03359375
1 0.5765625 0.834375 0.10078125 0.08515625
1 0.3046875 0.44765625 0.0703125 0.06796875
1 0.35390625 0.49921875 0.09375 0.08125
1 0.3734375 0.5765625 0.0703125 0.040625
1 0.396875 0.61796875 0.040625 0.0265625
1 0.4140625 0.64765625 0.05390625 0.0375
1 0.45703125 0.684375 0.059375 0.03515625
1 0.59765625 0.5828125 0.0875 0.071875
1 0.60625 0.63125 0.07421875 0.084375