1 0.2734375 0.71953125 0.06015625 0.1125
1 0.434375 0.1109375 0.05234375 0.06171875
1 0.41796875 0.02890625 0.0546875 0.05390625
1 0.440625 0.4 0.05546875 0.090625
1 0.24453125 0.8828125 0.0625 0.07734375
1 0.45859375 0.69765625 0.10078125 0.07890625
1 0.61484375 0.740625 0.09375 0.0984375
1 0.52734375 0.7703125 0.071875 0.0390625
1 0.640625 0.41796875 0.0515625 0.1265625
1 0.49375 0.49453125 0.11171875 0.1234375
1 0.3546875 0.621875 0.0671875 0.15546875
1 0.7140625 0.7296875 0.11484375 0.0703125
1 0.79140625 0.59375 0.0734375 0.06640625
1 0.73828125 0.45859375 0.06328125 0.11171875
1 0.57734375 0.603125 0.05 0.0875
1 0.6796875 0.57421875 0.0671875 0.103125