1 0.54375 0.24375 0.128125 0.08359375
1 0.675 0.25859375 0.12109375 0.07578125
1 0.26875 0.29921875 0.06953125 0.11171875
1 0.2546875 0.2265625 0.02578125 0.01796875
1 0.4359375 0.3015625 0.1078125 0.078125
1 0.45 0.89375 0.05234375 0.06171875
1 0.50234375 0.50234375 0.115625 0.121875
1 0.6328125 0.484375 0.06796875 0.0546875
1 0.78828125 0.37421875 0.07734375 0.08125
1 0.58671875 0.36640625 0.06640625 0.0859375
1 0.66953125 0.36640625 0.06484375 0.071875
1 0.3484375 0.3421875 0.0625 0.1109375
1 0.35078125 0.46015625 0.05234375 0.1
1 0.4359375 0.97578125 0.05625 0.0484375