1 0.378125 0.15234375 0.04375 0.07578125
1 0.32109375 0.35390625 0.0546875 0.06796875
1 0.41015625 0.5640625 0.03203125 0.0875
1 0.3890625 0.68515625 0.0296875 0.05234375
1 0.38125 0.7875 0.03046875 0.0265625
1 0.49921875 0.81875 0.02421875 0.053125
1 0.8078125 0.809375 0.134375 0.134375
1 0.61875 0.80859375 0.08046875 0.08671875
1 0.48671875 0.56640625 0.06796875 0.1171875
1 0.67109375 0.5046875 0.11328125 0.178125
1 0.57109375 0.3484375 0.10234375 0.11015625
1 0.4484375 0.309375 0.04765625 0.121875
1 0.5 0.28671875 0.05 0.0796875
1 0.44140625 0.19140625 0.05390625 0.0765625
1 0.40546875 0.30390625 0.04140625 0.08984375
1 0.37578125 0.22421875 0.034375 0.03984375
1 0.375 0.353125 0.0421875 0.07421875
1 0.4203125 0.40625 0.0375 0.059375
1 0.41484375 0.46328125 0.05390625 0.078125
1 0.57421875 0.640625 0.046875 0.0953125
1 0.5703125 0.54296875 0.0578125 0.084375
1 0.61953125 0.634375 0.03515625 0.0890625