1 0.9140625 0.125 0.16484375 0.09609375
1 0.775 0.25234375 0.2375 0.14296875
1 0.67421875 0.3796875 0.25859375 0.13046875
1 0.63359375 0.478125 0.20390625 0.0734375
1 0.59765625 0.5703125 0.15 0.08828125
1 0.47734375 0.7984375 0.128125 0.40234375
1 0.57890625 0.71171875 0.08203125 0.16484375
1 0.26640625 0.69765625 0.271875 0.3453125
1 0.38203125 0.46328125 0.26484375 0.1890625
1 0.41171875 0.32578125 0.125 0.08828125
1 0.5328125 0.275 0.05859375 0.053125
1 0.2234375 0.39296875 0.0609375 0.04921875
1 0.22109375 0.49375 0.13671875 0.09140625
1 0.3796875 0.9296875 0.0921875 0.140625